b=0, S_pad=31, D=8, PAD_count=11, real_count=20

解释：
scores[i,j] = <Q_i,K_j>/sqrt(d)：第i个位置(Query)对第j个位置(Key)的匹配分数
attn[i,j] = softmax(scores[i,:])[j]：第i个位置对第j个位置分配的注意力概率（每行≈1；PAD列应≈0）
ctx[i,:] = Σ_j attn[i,j]*V[j,:]：输出向量（这里d_model=8）
方案A：只mask Key端PAD列（常用、不会NaN）
方案B：mask Key列 + Query行（PAD行整行=-inf，softmax会NaN，所以用 nan->0 处理PAD行）


[检查指标]

方案A：PAD列注意力总和（应≈0） = 0.0

方案B：PAD列注意力总和（应≈0） = 0.0

方案A：PAD行注意力总和（不要求为0） = 11.0

方案B：PAD行注意力总和（应=0） = 0.0

方案A：真实行行和（前10） = [1.0000001192092896, 1.0, 1.0, 0.9999999403953552, 0.9999999403953552, 0.9999998807907104, 1.0, 0.9999998807907104, 1.0, 1.0000001192092896]

方案B：真实行行和（前10） = [1.0000001192092896, 1.0, 1.0, 0.9999999403953552, 0.9999999403953552, 0.9999998807907104, 1.0, 0.9999998807907104, 1.0, 1.0000001192092896]



============================================================================================================================================
(0) scores_p（未mask，包含PAD）
============================================================================================================================================
                 [BOS]        不过         ，         在        我们        周围      汹涌澎湃         的        细菌        海洋        面前         ，        人类        到底         有         多        脆弱         呢         ？     [EOS]     [PAD]     [PAD]     [PAD]     [PAD]     [PAD]     [PAD]     [PAD]     [PAD]     [PAD]     [PAD]     [PAD]
       [BOS]     3.736     3.101    -1.406    -0.242    -3.762    -1.157     0.748     2.495     1.796    -2.152    -0.820    -0.451    -3.640    -3.640    -2.944    -2.861    -3.556     2.410     4.454    -5.367    -2.678    -2.234    -1.386    -0.844    -1.035    -1.708    -2.166    -1.910    -1.094    -0.388    -0.362
          不过     3.464     5.774    -6.731     0.247    -0.357    -2.373    -1.390     0.210     3.359    -0.982    -4.342    -6.518     1.380    -0.317    -2.783     1.402    -1.734    -1.687     0.200    -1.514     0.633     0.572     0.506     0.561     0.747     0.951     1.040     0.981     0.872     0.854     0.975
           ，    -1.727     0.305     2.407    -0.906     0.034    -0.086     0.670    -0.613    -0.372     0.424    -1.204     1.486     1.644     1.356     2.506     2.049     4.835    -1.955    -3.807     5.251     0.333    -0.256    -1.047    -1.357    -0.946    -0.236     0.075    -0.340    -1.142    -1.631    -1.396
           在    -1.548    -6.931     1.215     0.266     0.671     2.238    -0.261    -0.933     1.190     1.520     4.242     1.405    -1.842     1.560    -0.417    -0.826    -3.653     1.177     2.139    -2.986     0.384     0.810     1.246     1.282     0.881     0.405     0.290     0.638     1.130     1.313     1.020
          我们    -1.470    -3.771     4.442    -1.657    -0.617     4.554     0.976     2.347    -2.910    -1.422     3.741     4.984    -1.930    -0.391     0.681    -2.599    -0.715     1.593     5.874    -3.976    -1.245    -0.668     0.034     0.186    -0.376    -1.158    -1.462    -1.024    -0.260     0.118    -0.244
          周围    -0.490     1.636    -0.043    -1.036     0.920    -0.861    -1.201    -0.576    -0.718    -0.130    -2.065    -0.569     0.719    -0.079     1.076     1.573     2.373    -1.149    -2.532     3.666     0.801     0.518     0.061    -0.161     0.043     0.474     0.720     0.541     0.086    -0.242    -0.158
        汹涌澎湃    -1.160    -3.114    -1.648    -0.125     2.621     0.682     0.117    -1.911     2.146     0.563     0.522    -2.137     2.118     3.631     0.270     3.672     1.041    -2.640    -2.526     0.658     2.111     1.807     1.293     1.003     1.165     1.587     1.837     1.640     1.130     0.728     0.757
           的     1.873     3.667    -2.524    -0.734    -0.586    -1.560    -0.332     0.438     1.468    -1.326    -2.946    -2.553     0.166    -0.771    -0.984     1.207     0.596    -1.012    -0.584     0.182    -0.060    -0.228    -0.380    -0.352    -0.147     0.069     0.118    -0.024    -0.208    -0.248    -0.091
          细菌     1.832     3.241    -2.717     2.651    -0.558    -4.681    -0.786    -1.597     1.250     1.689    -1.898    -2.710    -0.200    -1.843    -1.093    -0.539    -1.475     1.259    -3.868     2.093    -0.148    -0.344    -0.463    -0.350    -0.061     0.183     0.204     0.025    -0.147    -0.116     0.126
          海洋    -2.950    -4.678     0.905     1.713     2.542    -0.041    -1.289    -3.019    -0.456     3.605     2.268     0.335     1.282     2.328     1.555     0.652    -0.506    -0.047    -3.544     3.480     1.910     1.794     1.427     1.120     1.126     1.410     1.679     1.654     1.324     0.958     0.860
          面前    -1.429    -5.409     5.272    -1.419    -1.728     2.686     1.123     1.179    -0.862    -0.361     3.956     5.506    -3.923    -0.903     0.709    -2.337    -1.154     2.361     3.370    -2.363    -1.765    -1.360    -0.786    -0.591    -0.970    -1.585    -1.876    -1.574    -0.953    -0.572    -0.766
           ，    -1.629    -0.806     2.381    -1.246     0.142     0.763     0.984    -0.269    -0.128    -0.123    -0.406     1.667     1.148     1.558     2.049     1.996     4.057    -1.823    -2.397     3.397     0.267    -0.182    -0.782    -1.028    -0.741    -0.231    -0.012    -0.329    -0.932    -1.306    -1.144
          人类    -1.853    -2.334    -2.066     0.147     3.302     0.297    -2.614    -2.562     0.713     2.157    -0.165    -2.740     2.299     2.945     0.748     2.559    -0.066    -2.077    -2.854     3.062     2.850     2.703     2.177     1.740     1.776     2.230     2.658     2.637     2.154     1.618     1.483
          到底    -1.710    -1.235     0.063     0.605     1.980    -0.918    -1.800    -2.184    -0.568     2.170    -0.162    -0.586     1.196     1.112     1.381     1.207     0.898    -0.637    -3.806     4.371     1.597     1.370     0.883     0.570     0.701     1.138     1.459     1.347     0.883     0.470     0.463
           有    -1.667     0.375     0.796    -0.116     1.089    -0.218    -0.593    -1.149    -0.701     1.191    -1.094     0.024     2.209     1.487     1.962     1.655     3.146    -1.715    -3.441     4.781     1.103     0.685     0.011    -0.328    -0.051     0.555     0.899     0.631    -0.038    -0.528    -0.423
           多     0.473     2.635     0.520     0.063    -0.737    -0.387     0.212     0.845    -1.281    -0.520    -1.007     0.544     0.446    -1.033     0.383    -0.725     1.316     0.162     0.005     0.856    -0.635    -0.695    -0.729    -0.703    -0.638    -0.589    -0.599    -0.655    -0.702    -0.693    -0.633
          脆弱     0.522     5.304    -0.751    -0.877    -0.985    -1.691    -0.604     0.135     0.543    -0.212    -4.321    -1.569     2.157     0.040     1.243     1.807     4.301    -2.409    -3.427     5.303     0.106    -0.480    -1.270    -1.536    -1.031    -0.221     0.148    -0.266    -1.086    -1.563    -1.265
           呢    -0.380    -3.732     2.207    -0.551    -0.879     2.390     1.673     1.142     0.056    -0.860     3.078     2.705    -1.950     0.098    -0.448    -1.336    -1.609     1.241     3.665    -4.200    -1.066    -0.715    -0.172     0.051    -0.262    -0.831    -1.138    -0.903    -0.342     0.032    -0.118
           ？     1.025     1.407    -3.342    -0.872     1.955    -0.787    -0.816    -0.481     0.879    -1.423    -1.947    -3.291     0.717     0.390    -1.080     2.496     0.018    -1.457    -0.696    -0.692     1.368     1.281     1.140     1.078     1.153     1.294     1.368     1.300     1.144     1.033     1.056
       [EOS]    -2.282     2.577     0.051     1.782     1.585    -2.071    -1.353    -2.527    -1.338     3.407    -2.454    -1.174     4.678     1.971     2.989     1.745     4.412    -2.258    -6.989     8.999     1.855     1.111    -0.049    -0.584    -0.031     1.070     1.669     1.178     0.007    -0.813    -0.572
       [PAD]    -1.292    -1.633     1.276    -0.026     1.034     1.462    -0.308    -0.027    -1.757     0.375     1.382     1.299     0.421     0.523     0.762    -0.500     0.043     0.231     0.814    -0.002     0.429     0.568     0.644     0.568     0.391     0.257     0.269     0.396     0.502     0.471     0.311
       [PAD]    -1.124    -1.794     1.574    -0.228     0.717     1.696    -0.179     0.337    -1.879     0.052     1.648     1.727    -0.169     0.118     0.569    -0.933    -0.353     0.630     1.633    -0.775     0.111     0.338     0.551     0.537     0.295     0.032    -0.026     0.161     0.406     0.471     0.284
       [PAD]    -0.927    -2.270     1.771    -0.467     0.480     2.103     0.102     0.719    -1.816    -0.392     2.106     2.093    -0.779    -0.111     0.250    -1.241    -0.885     0.964     2.663    -2.003    -0.174     0.156     0.530     0.590     0.267    -0.154    -0.298    -0.044     0.365     0.544     0.321
       [PAD]    -0.853    -2.604     1.636    -0.496     0.538     2.277     0.270     0.761    -1.606    -0.542     2.327     2.019    -0.859     0.027     0.064    -1.156    -1.116     0.946     2.964    -2.592    -0.165     0.192     0.609     0.689     0.344    -0.123    -0.295    -0.025     0.428     0.638     0.404
       [PAD]    -0.938    -2.464     1.242    -0.263     0.834     2.021     0.162     0.416    -1.420    -0.253     2.099     1.531    -0.346     0.386     0.150    -0.770    -0.887     0.612     2.262    -2.034     0.128     0.413     0.721     0.753     0.463     0.102    -0.015     0.206     0.546     0.679     0.470
       [PAD]    -1.073    -1.953     0.903     0.046     1.089     1.534    -0.127    -0.005    -1.406     0.214     1.621     1.035     0.277     0.614     0.395    -0.451    -0.459     0.289     1.203    -0.875     0.432     0.615     0.767     0.731     0.523     0.318     0.285     0.438     0.618     0.642     0.471
       [PAD]    -1.100    -1.510     0.881     0.174     1.059     1.224    -0.334    -0.121    -1.553     0.436     1.320     0.948     0.425     0.480     0.541    -0.507    -0.271     0.293     0.762    -0.212     0.463     0.610     0.706     0.648     0.475     0.330     0.331     0.460     0.583     0.569     0.416
       [PAD]    -0.961    -1.513     1.150     0.028     0.762     1.336    -0.270     0.168    -1.702     0.212     1.459     1.309    -0.049     0.084     0.423    -0.899    -0.542     0.640     1.340    -0.683     0.186     0.398     0.595     0.585     0.366     0.128     0.078     0.251     0.476     0.536     0.365
       [PAD]    -0.750    -1.924     1.418    -0.230     0.458     1.726     0.007     0.593    -1.691    -0.248     1.895     1.749    -0.721    -0.233     0.117    -1.279    -1.063     1.029     2.403    -1.882    -0.151     0.167     0.533     0.601     0.301    -0.101    -0.242     0.001     0.397     0.578     0.372
       [PAD]    -0.626    -2.330     1.395    -0.339     0.412     1.993     0.244     0.758    -1.506    -0.520     2.211     1.827    -0.985    -0.203    -0.124    -1.309    -1.391     1.119     2.966    -2.731    -0.247     0.122     0.573     0.681     0.339    -0.148    -0.339    -0.064     0.418     0.659     0.435
       [PAD]    -0.670    -2.321     1.064    -0.175     0.651     1.851     0.229     0.509    -1.292    -0.352     2.098     1.438    -0.609     0.122    -0.107    -0.973    -1.258     0.845     2.505    -2.472    -0.024     0.295     0.672     0.749     0.445     0.028    -0.128     0.111     0.516     0.706     0.500



============================================================================================================================================
(A1) 方案A：scores_A（只mask PAD列=-inf）
============================================================================================================================================
                 [BOS]        不过         ，         在        我们        周围      汹涌澎湃         的        细菌        海洋        面前         ，        人类        到底         有         多        脆弱         呢         ？     [EOS]     [PAD]     [PAD]     [PAD]     [PAD]     [PAD]     [PAD]     [PAD]     [PAD]     [PAD]     [PAD]     [PAD]
       [BOS]     3.736     3.101    -1.406    -0.242    -3.762    -1.157     0.748     2.495     1.796    -2.152    -0.820    -0.451    -3.640    -3.640    -2.944    -2.861    -3.556     2.410     4.454    -5.367     -inf      -inf      -inf      -inf      -inf      -inf      -inf      -inf      -inf      -inf      -inf 
          不过     3.464     5.774    -6.731     0.247    -0.357    -2.373    -1.390     0.210     3.359    -0.982    -4.342    -6.518     1.380    -0.317    -2.783     1.402    -1.734    -1.687     0.200    -1.514     -inf      -inf      -inf      -inf      -inf      -inf      -inf      -inf      -inf      -inf      -inf 
           ，    -1.727     0.305     2.407    -0.906     0.034    -0.086     0.670    -0.613    -0.372     0.424    -1.204     1.486     1.644     1.356     2.506     2.049     4.835    -1.955    -3.807     5.251     -inf      -inf      -inf      -inf      -inf      -inf      -inf      -inf      -inf      -inf      -inf 
           在    -1.548    -6.931     1.215     0.266     0.671     2.238    -0.261    -0.933     1.190     1.520     4.242     1.405    -1.842     1.560    -0.417    -0.826    -3.653     1.177     2.139    -2.986     -inf      -inf      -inf      -inf      -inf      -inf      -inf      -inf      -inf      -inf      -inf 
          我们    -1.470    -3.771     4.442    -1.657    -0.617     4.554     0.976     2.347    -2.910    -1.422     3.741     4.984    -1.930    -0.391     0.681    -2.599    -0.715     1.593     5.874    -3.976     -inf      -inf      -inf      -inf      -inf      -inf      -inf      -inf      -inf      -inf      -inf 
          周围    -0.490     1.636    -0.043    -1.036     0.920    -0.861    -1.201    -0.576    -0.718    -0.130    -2.065    -0.569     0.719    -0.079     1.076     1.573     2.373    -1.149    -2.532     3.666     -inf      -inf      -inf      -inf      -inf      -inf      -inf      -inf      -inf      -inf      -inf 
        汹涌澎湃    -1.160    -3.114    -1.648    -0.125     2.621     0.682     0.117    -1.911     2.146     0.563     0.522    -2.137     2.118     3.631     0.270     3.672     1.041    -2.640    -2.526     0.658     -inf      -inf      -inf      -inf      -inf      -inf      -inf      -inf      -inf      -inf      -inf 
           的     1.873     3.667    -2.524    -0.734    -0.586    -1.560    -0.332     0.438     1.468    -1.326    -2.946    -2.553     0.166    -0.771    -0.984     1.207     0.596    -1.012    -0.584     0.182     -inf      -inf      -inf      -inf      -inf      -inf      -inf      -inf      -inf      -inf      -inf 
          细菌     1.832     3.241    -2.717     2.651    -0.558    -4.681    -0.786    -1.597     1.250     1.689    -1.898    -2.710    -0.200    -1.843    -1.093    -0.539    -1.475     1.259    -3.868     2.093     -inf      -inf      -inf      -inf      -inf      -inf      -inf      -inf      -inf      -inf      -inf 
          海洋    -2.950    -4.678     0.905     1.713     2.542    -0.041    -1.289    -3.019    -0.456     3.605     2.268     0.335     1.282     2.328     1.555     0.652    -0.506    -0.047    -3.544     3.480     -inf      -inf      -inf      -inf      -inf      -inf      -inf      -inf      -inf      -inf      -inf 
          面前    -1.429    -5.409     5.272    -1.419    -1.728     2.686     1.123     1.179    -0.862    -0.361     3.956     5.506    -3.923    -0.903     0.709    -2.337    -1.154     2.361     3.370    -2.363     -inf      -inf      -inf      -inf      -inf      -inf      -inf      -inf      -inf      -inf      -inf 
           ，    -1.629    -0.806     2.381    -1.246     0.142     0.763     0.984    -0.269    -0.128    -0.123    -0.406     1.667     1.148     1.558     2.049     1.996     4.057    -1.823    -2.397     3.397     -inf      -inf      -inf      -inf      -inf      -inf      -inf      -inf      -inf      -inf      -inf 
          人类    -1.853    -2.334    -2.066     0.147     3.302     0.297    -2.614    -2.562     0.713     2.157    -0.165    -2.740     2.299     2.945     0.748     2.559    -0.066    -2.077    -2.854     3.062     -inf      -inf      -inf      -inf      -inf      -inf      -inf      -inf      -inf      -inf      -inf 
          到底    -1.710    -1.235     0.063     0.605     1.980    -0.918    -1.800    -2.184    -0.568     2.170    -0.162    -0.586     1.196     1.112     1.381     1.207     0.898    -0.637    -3.806     4.371     -inf      -inf      -inf      -inf      -inf      -inf      -inf      -inf      -inf      -inf      -inf 
           有    -1.667     0.375     0.796    -0.116     1.089    -0.218    -0.593    -1.149    -0.701     1.191    -1.094     0.024     2.209     1.487     1.962     1.655     3.146    -1.715    -3.441     4.781     -inf      -inf      -inf      -inf      -inf      -inf      -inf      -inf      -inf      -inf      -inf 
           多     0.473     2.635     0.520     0.063    -0.737    -0.387     0.212     0.845    -1.281    -0.520    -1.007     0.544     0.446    -1.033     0.383    -0.725     1.316     0.162     0.005     0.856     -inf      -inf      -inf      -inf      -inf      -inf      -inf      -inf      -inf      -inf      -inf 
          脆弱     0.522     5.304    -0.751    -0.877    -0.985    -1.691    -0.604     0.135     0.543    -0.212    -4.321    -1.569     2.157     0.040     1.243     1.807     4.301    -2.409    -3.427     5.303     -inf      -inf      -inf      -inf      -inf      -inf      -inf      -inf      -inf      -inf      -inf 
           呢    -0.380    -3.732     2.207    -0.551    -0.879     2.390     1.673     1.142     0.056    -0.860     3.078     2.705    -1.950     0.098    -0.448    -1.336    -1.609     1.241     3.665    -4.200     -inf      -inf      -inf      -inf      -inf      -inf      -inf      -inf      -inf      -inf      -inf 
           ？     1.025     1.407    -3.342    -0.872     1.955    -0.787    -0.816    -0.481     0.879    -1.423    -1.947    -3.291     0.717     0.390    -1.080     2.496     0.018    -1.457    -0.696    -0.692     -inf      -inf      -inf      -inf      -inf      -inf      -inf      -inf      -inf      -inf      -inf 
       [EOS]    -2.282     2.577     0.051     1.782     1.585    -2.071    -1.353    -2.527    -1.338     3.407    -2.454    -1.174     4.678     1.971     2.989     1.745     4.412    -2.258    -6.989     8.999     -inf      -inf      -inf      -inf      -inf      -inf      -inf      -inf      -inf      -inf      -inf 
       [PAD]    -1.292    -1.633     1.276    -0.026     1.034     1.462    -0.308    -0.027    -1.757     0.375     1.382     1.299     0.421     0.523     0.762    -0.500     0.043     0.231     0.814    -0.002     -inf      -inf      -inf      -inf      -inf      -inf      -inf      -inf      -inf      -inf      -inf 
       [PAD]    -1.124    -1.794     1.574    -0.228     0.717     1.696    -0.179     0.337    -1.879     0.052     1.648     1.727    -0.169     0.118     0.569    -0.933    -0.353     0.630     1.633    -0.775     -inf      -inf      -inf      -inf      -inf      -inf      -inf      -inf      -inf      -inf      -inf 
       [PAD]    -0.927    -2.270     1.771    -0.467     0.480     2.103     0.102     0.719    -1.816    -0.392     2.106     2.093    -0.779    -0.111     0.250    -1.241    -0.885     0.964     2.663    -2.003     -inf      -inf      -inf      -inf      -inf      -inf      -inf      -inf      -inf      -inf      -inf 
       [PAD]    -0.853    -2.604     1.636    -0.496     0.538     2.277     0.270     0.761    -1.606    -0.542     2.327     2.019    -0.859     0.027     0.064    -1.156    -1.116     0.946     2.964    -2.592     -inf      -inf      -inf      -inf      -inf      -inf      -inf      -inf      -inf      -inf      -inf 
       [PAD]    -0.938    -2.464     1.242    -0.263     0.834     2.021     0.162     0.416    -1.420    -0.253     2.099     1.531    -0.346     0.386     0.150    -0.770    -0.887     0.612     2.262    -2.034     -inf      -inf      -inf      -inf      -inf      -inf      -inf      -inf      -inf      -inf      -inf 
       [PAD]    -1.073    -1.953     0.903     0.046     1.089     1.534    -0.127    -0.005    -1.406     0.214     1.621     1.035     0.277     0.614     0.395    -0.451    -0.459     0.289     1.203    -0.875     -inf      -inf      -inf      -inf      -inf      -inf      -inf      -inf      -inf      -inf      -inf 
       [PAD]    -1.100    -1.510     0.881     0.174     1.059     1.224    -0.334    -0.121    -1.553     0.436     1.320     0.948     0.425     0.480     0.541    -0.507    -0.271     0.293     0.762    -0.212     -inf      -inf      -inf      -inf      -inf      -inf      -inf      -inf      -inf      -inf      -inf 
       [PAD]    -0.961    -1.513     1.150     0.028     0.762     1.336    -0.270     0.168    -1.702     0.212     1.459     1.309    -0.049     0.084     0.423    -0.899    -0.542     0.640     1.340    -0.683     -inf      -inf      -inf      -inf      -inf      -inf      -inf      -inf      -inf      -inf      -inf 
       [PAD]    -0.750    -1.924     1.418    -0.230     0.458     1.726     0.007     0.593    -1.691    -0.248     1.895     1.749    -0.721    -0.233     0.117    -1.279    -1.063     1.029     2.403    -1.882     -inf      -inf      -inf      -inf      -inf      -inf      -inf      -inf      -inf      -inf      -inf 
       [PAD]    -0.626    -2.330     1.395    -0.339     0.412     1.993     0.244     0.758    -1.506    -0.520     2.211     1.827    -0.985    -0.203    -0.124    -1.309    -1.391     1.119     2.966    -2.731     -inf      -inf      -inf      -inf      -inf      -inf      -inf      -inf      -inf      -inf      -inf 
       [PAD]    -0.670    -2.321     1.064    -0.175     0.651     1.851     0.229     0.509    -1.292    -0.352     2.098     1.438    -0.609     0.122    -0.107    -0.973    -1.258     0.845     2.505    -2.472     -inf      -inf      -inf      -inf      -inf      -inf      -inf      -inf      -inf      -inf      -inf 



============================================================================================================================================
(A2) 方案A：attn_A = softmax(scores_A)（PAD列≈0；PAD行仍是分布）
============================================================================================================================================
                 [BOS]        不过         ，         在        我们        周围      汹涌澎湃         的        细菌        海洋        面前         ，        人类        到底         有         多        脆弱         呢         ？     [EOS]     [PAD]     [PAD]     [PAD]     [PAD]     [PAD]     [PAD]     [PAD]     [PAD]     [PAD]     [PAD]     [PAD]
       [BOS]     0.227     0.121     0.001     0.004     0.000     0.002     0.011     0.066     0.033     0.001     0.002     0.003     0.000     0.000     0.000     0.000     0.000     0.060     0.467     0.000     0.000     0.000     0.000     0.000     0.000     0.000     0.000     0.000     0.000     0.000     0.000
          不过     0.080     0.810     0.000     0.003     0.002     0.000     0.001     0.003     0.072     0.001     0.000     0.000     0.010     0.002     0.000     0.010     0.000     0.000     0.003     0.001     0.000     0.000     0.000     0.000     0.000     0.000     0.000     0.000     0.000     0.000     0.000
           ，     0.000     0.004     0.030     0.001     0.003     0.002     0.005     0.001     0.002     0.004     0.001     0.012     0.014     0.010     0.033     0.021     0.340     0.000     0.000     0.515     0.000     0.000     0.000     0.000     0.000     0.000     0.000     0.000     0.000     0.000     0.000
           在     0.002     0.000     0.029     0.011     0.017     0.080     0.007     0.003     0.028     0.039     0.596     0.035     0.001     0.041     0.006     0.004     0.000     0.028     0.073     0.000     0.000     0.000     0.000     0.000     0.000     0.000     0.000     0.000     0.000     0.000     0.000
          我们     0.000     0.000     0.114     0.000     0.001     0.127     0.004     0.014     0.000     0.000     0.056     0.196     0.000     0.001     0.003     0.000     0.001     0.007     0.476     0.000     0.000     0.000     0.000     0.000     0.000     0.000     0.000     0.000     0.000     0.000     0.000
          周围     0.008     0.070     0.013     0.005     0.034     0.006     0.004     0.008     0.007     0.012     0.002     0.008     0.028     0.013     0.040     0.065     0.145     0.004     0.001     0.529     0.000     0.000     0.000     0.000     0.000     0.000     0.000     0.000     0.000     0.000     0.000
        汹涌澎湃     0.003     0.000     0.002     0.007     0.113     0.016     0.009     0.001     0.070     0.014     0.014     0.001     0.068     0.309     0.011     0.322     0.023     0.001     0.001     0.016     0.000     0.000     0.000     0.000     0.000     0.000     0.000     0.000     0.000     0.000     0.000
           的     0.103     0.618     0.001     0.008     0.009     0.003     0.011     0.024     0.069     0.004     0.001     0.001     0.019     0.007     0.006     0.053     0.029     0.006     0.009     0.019     0.000     0.000     0.000     0.000     0.000     0.000     0.000     0.000     0.000     0.000     0.000
          细菌     0.089     0.364     0.001     0.202     0.008     0.000     0.006     0.003     0.050     0.077     0.002     0.001     0.012     0.002     0.005     0.008     0.003     0.050     0.000     0.116     0.000     0.000     0.000     0.000     0.000     0.000     0.000     0.000     0.000     0.000     0.000
          海洋     0.000     0.000     0.020     0.044     0.102     0.008     0.002     0.000     0.005     0.294     0.077     0.011     0.029     0.082     0.038     0.015     0.005     0.008     0.000     0.259     0.000     0.000     0.000     0.000     0.000     0.000     0.000     0.000     0.000     0.000     0.000
          面前     0.000     0.000     0.349     0.000     0.000     0.026     0.006     0.006     0.001     0.001     0.093     0.441     0.000     0.001     0.004     0.000     0.001     0.019     0.052     0.000     0.000     0.000     0.000     0.000     0.000     0.000     0.000     0.000     0.000     0.000     0.000
           ，     0.001     0.003     0.079     0.002     0.008     0.016     0.020     0.006     0.006     0.006     0.005     0.039     0.023     0.035     0.057     0.054     0.421     0.001     0.001     0.218     0.000     0.000     0.000     0.000     0.000     0.000     0.000     0.000     0.000     0.000     0.000
          人类     0.001     0.001     0.001     0.011     0.251     0.012     0.001     0.001     0.019     0.080     0.008     0.001     0.092     0.175     0.019     0.119     0.009     0.001     0.001     0.197     0.000     0.000     0.000     0.000     0.000     0.000     0.000     0.000     0.000     0.000     0.000
          到底     0.002     0.002     0.009     0.016     0.061     0.003     0.001     0.001     0.005     0.074     0.007     0.005     0.028     0.026     0.034     0.028     0.021     0.004     0.000     0.672     0.000     0.000     0.000     0.000     0.000     0.000     0.000     0.000     0.000     0.000     0.000
           有     0.001     0.008     0.012     0.005     0.016     0.004     0.003     0.002     0.003     0.018     0.002     0.006     0.050     0.024     0.039     0.029     0.127     0.001     0.000     0.651     0.000     0.000     0.000     0.000     0.000     0.000     0.000     0.000     0.000     0.000     0.000
           多     0.042     0.366     0.044     0.028     0.013     0.018     0.032     0.061     0.007     0.016     0.010     0.045     0.041     0.009     0.038     0.013     0.098     0.031     0.026     0.062     0.000     0.000     0.000     0.000     0.000     0.000     0.000     0.000     0.000     0.000     0.000
          脆弱     0.003     0.400     0.001     0.001     0.001     0.000     0.001     0.002     0.003     0.002     0.000     0.000     0.017     0.002     0.007     0.012     0.147     0.000     0.000     0.400     0.000     0.000     0.000     0.000     0.000     0.000     0.000     0.000     0.000     0.000     0.000
           呢     0.006     0.000     0.080     0.005     0.004     0.096     0.047     0.028     0.009     0.004     0.192     0.132     0.001     0.010     0.006     0.002     0.002     0.031     0.345     0.000     0.000     0.000     0.000     0.000     0.000     0.000     0.000     0.000     0.000     0.000     0.000
           ？     0.075     0.110     0.001     0.011     0.191     0.012     0.012     0.017     0.065     0.007     0.004     0.001     0.055     0.040     0.009     0.328     0.028     0.006     0.013     0.014     0.000     0.000     0.000     0.000     0.000     0.000     0.000     0.000     0.000     0.000     0.000
       [EOS]     0.000     0.002     0.000     0.001     0.001     0.000     0.000     0.000     0.000     0.004     0.000     0.000     0.013     0.001     0.002     0.001     0.010     0.000     0.000     0.967     0.000     0.000     0.000     0.000     0.000     0.000     0.000     0.000     0.000     0.000     0.000
       [PAD]     0.008     0.006     0.103     0.028     0.081     0.124     0.021     0.028     0.005     0.042     0.115     0.106     0.044     0.049     0.062     0.018     0.030     0.036     0.065     0.029     0.000     0.000     0.000     0.000     0.000     0.000     0.000     0.000     0.000     0.000     0.000
       [PAD]     0.008     0.004     0.120     0.020     0.051     0.136     0.021     0.035     0.004     0.026     0.129     0.140     0.021     0.028     0.044     0.010     0.017     0.047     0.127     0.011     0.000     0.000     0.000     0.000     0.000     0.000     0.000     0.000     0.000     0.000     0.000
       [PAD]     0.007     0.002     0.102     0.011     0.028     0.142     0.019     0.036     0.003     0.012     0.143     0.141     0.008     0.016     0.022     0.005     0.007     0.046     0.249     0.002     0.000     0.000     0.000     0.000     0.000     0.000     0.000     0.000     0.000     0.000     0.000
       [PAD]     0.007     0.001     0.079     0.009     0.026     0.150     0.020     0.033     0.003     0.009     0.158     0.116     0.007     0.016     0.016     0.005     0.005     0.040     0.299     0.001     0.000     0.000     0.000     0.000     0.000     0.000     0.000     0.000     0.000     0.000     0.000
       [PAD]     0.008     0.002     0.074     0.016     0.049     0.161     0.025     0.032     0.005     0.017     0.174     0.099     0.015     0.031     0.025     0.010     0.009     0.039     0.205     0.003     0.000     0.000     0.000     0.000     0.000     0.000     0.000     0.000     0.000     0.000     0.000
       [PAD]     0.010     0.004     0.073     0.031     0.088     0.137     0.026     0.029     0.007     0.037     0.149     0.083     0.039     0.055     0.044     0.019     0.019     0.039     0.098     0.012     0.000     0.000     0.000     0.000     0.000     0.000     0.000     0.000     0.000     0.000     0.000
       [PAD]     0.011     0.007     0.079     0.039     0.094     0.111     0.023     0.029     0.007     0.050     0.122     0.084     0.050     0.053     0.056     0.020     0.025     0.044     0.070     0.026     0.000     0.000     0.000     0.000     0.000     0.000     0.000     0.000     0.000     0.000     0.000
       [PAD]     0.012     0.007     0.096     0.031     0.065     0.116     0.023     0.036     0.006     0.038     0.131     0.113     0.029     0.033     0.046     0.012     0.018     0.058     0.116     0.015     0.000     0.000     0.000     0.000     0.000     0.000     0.000     0.000     0.000     0.000     0.000
       [PAD]     0.010     0.003     0.090     0.017     0.034     0.122     0.022     0.039     0.004     0.017     0.145     0.125     0.011     0.017     0.024     0.006     0.008     0.061     0.241     0.003     0.000     0.000     0.000     0.000     0.000     0.000     0.000     0.000     0.000     0.000     0.000
       [PAD]     0.009     0.002     0.068     0.012     0.026     0.125     0.022     0.036     0.004     0.010     0.155     0.106     0.006     0.014     0.015     0.005     0.004     0.052     0.330     0.001     0.000     0.000     0.000     0.000     0.000     0.000     0.000     0.000     0.000     0.000     0.000
       [PAD]     0.011     0.002     0.062     0.018     0.041     0.136     0.027     0.036     0.006     0.015     0.174     0.090     0.012     0.024     0.019     0.008     0.006     0.050     0.262     0.002     0.000     0.000     0.000     0.000     0.000     0.000     0.000     0.000     0.000     0.000     0.000



============================================================================================================================================
(A3) 方案A：ctx_A = attn_A @ V（每行8维，包含PAD行）
============================================================================================================================================
                   d00       d01       d02       d03       d04       d05       d06       d07
       [BOS]     0.999    -1.037    -1.211     0.037     0.404     0.546     0.224     0.193
          不过    -0.139    -0.333    -1.427    -1.909    -0.163     2.982     0.487    -1.636
           ，    -0.494     0.135     1.197    -0.886     0.200    -0.046     0.492     0.875
           在     1.473     1.078     1.314     0.531    -0.796    -1.425     0.438     1.150
          我们     2.212    -0.687    -0.947     0.829     0.846    -1.241     0.006     1.440
          周围    -0.781    -0.143     0.718    -0.611     0.356     0.262     0.280     0.547
        汹涌澎湃    -0.927    -0.537     0.532     0.644    -0.718     0.654     0.496     0.340
           的    -0.185    -0.256    -0.937    -1.573    -0.250     2.389     0.494    -1.226
          细菌    -0.026     0.419    -0.604    -0.949    -0.274     1.557    -0.255    -1.117
          海洋    -0.230     0.175     0.313     0.511     0.093    -0.084    -0.438     0.395
          面前     2.470     1.505     0.881    -0.352     0.368    -2.665    -0.254     1.372
           ，     0.207     0.489     1.157    -0.865    -0.249    -0.214     0.704     0.824
          人类    -0.719    -0.206     0.190     0.656    -0.202     0.367     0.407     0.269
          到底    -1.043    -0.269     0.689    -0.158     0.657     0.013    -0.148     0.682
           有    -0.886    -0.205     0.832    -0.457     0.524     0.098     0.080     0.764
           多     0.540     0.236    -0.586    -1.036    -0.081     1.087     0.282    -0.504
          脆弱    -0.492    -0.180    -0.175    -1.327     0.279     1.418     0.398    -0.296
           呢     1.966    -0.069    -0.434     0.644     0.338    -1.172    -0.025     1.098
           ？    -0.934    -0.256     0.276    -0.084    -0.548     0.821     0.844    -0.236
       [EOS]    -1.487    -0.515     0.962    -0.492     1.070    -0.006    -0.226     0.930
       [PAD]     1.164     0.436     0.272     0.339    -0.069    -0.857     0.215     0.847
       [PAD]     1.529     0.382     0.177     0.351     0.090    -1.151     0.168     1.021
       [PAD]     1.792     0.034    -0.170     0.541     0.289    -1.195     0.148     1.167
       [PAD]     1.800    -0.170    -0.328     0.679     0.318    -1.088     0.182     1.197
       [PAD]     1.568     0.061    -0.044     0.607     0.090    -1.002     0.257     1.092
       [PAD]     1.183     0.323     0.166     0.490    -0.123    -0.778     0.261     0.832
       [PAD]     1.050     0.421     0.180     0.395    -0.127    -0.692     0.190     0.697
       [PAD]     1.348     0.408     0.124     0.361     0.013    -0.950     0.136     0.830
       [PAD]     1.696     0.093    -0.192     0.514     0.244    -1.099     0.110     1.025
       [PAD]     1.789    -0.216    -0.467     0.693     0.357    -1.017     0.120     1.100
       [PAD]     1.624    -0.048    -0.251     0.649     0.176    -0.951     0.181     1.029



============================================================================================================================================
(B1) 方案B：scores_B（mask PAD列 + PAD行，全=-inf 的PAD行会导致softmax NaN）
============================================================================================================================================
                 [BOS]        不过         ，         在        我们        周围      汹涌澎湃         的        细菌        海洋        面前         ，        人类        到底         有         多        脆弱         呢         ？     [EOS]     [PAD]     [PAD]     [PAD]     [PAD]     [PAD]     [PAD]     [PAD]     [PAD]     [PAD]     [PAD]     [PAD]
       [BOS]     3.736     3.101    -1.406    -0.242    -3.762    -1.157     0.748     2.495     1.796    -2.152    -0.820    -0.451    -3.640    -3.640    -2.944    -2.861    -3.556     2.410     4.454    -5.367     -inf      -inf      -inf      -inf      -inf      -inf      -inf      -inf      -inf      -inf      -inf 
          不过     3.464     5.774    -6.731     0.247    -0.357    -2.373    -1.390     0.210     3.359    -0.982    -4.342    -6.518     1.380    -0.317    -2.783     1.402    -1.734    -1.687     0.200    -1.514     -inf      -inf      -inf      -inf      -inf      -inf      -inf      -inf      -inf      -inf      -inf 
           ，    -1.727     0.305     2.407    -0.906     0.034    -0.086     0.670    -0.613    -0.372     0.424    -1.204     1.486     1.644     1.356     2.506     2.049     4.835    -1.955    -3.807     5.251     -inf      -inf      -inf      -inf      -inf      -inf      -inf      -inf      -inf      -inf      -inf 
           在    -1.548    -6.931     1.215     0.266     0.671     2.238    -0.261    -0.933     1.190     1.520     4.242     1.405    -1.842     1.560    -0.417    -0.826    -3.653     1.177     2.139    -2.986     -inf      -inf      -inf      -inf      -inf      -inf      -inf      -inf      -inf      -inf      -inf 
          我们    -1.470    -3.771     4.442    -1.657    -0.617     4.554     0.976     2.347    -2.910    -1.422     3.741     4.984    -1.930    -0.391     0.681    -2.599    -0.715     1.593     5.874    -3.976     -inf      -inf      -inf      -inf      -inf      -inf      -inf      -inf      -inf      -inf      -inf 
          周围    -0.490     1.636    -0.043    -1.036     0.920    -0.861    -1.201    -0.576    -0.718    -0.130    -2.065    -0.569     0.719    -0.079     1.076     1.573     2.373    -1.149    -2.532     3.666     -inf      -inf      -inf      -inf      -inf      -inf      -inf      -inf      -inf      -inf      -inf 
        汹涌澎湃    -1.160    -3.114    -1.648    -0.125     2.621     0.682     0.117    -1.911     2.146     0.563     0.522    -2.137     2.118     3.631     0.270     3.672     1.041    -2.640    -2.526     0.658     -inf      -inf      -inf      -inf      -inf      -inf      -inf      -inf      -inf      -inf      -inf 
           的     1.873     3.667    -2.524    -0.734    -0.586    -1.560    -0.332     0.438     1.468    -1.326    -2.946    -2.553     0.166    -0.771    -0.984     1.207     0.596    -1.012    -0.584     0.182     -inf      -inf      -inf      -inf      -inf      -inf      -inf      -inf      -inf      -inf      -inf 
          细菌     1.832     3.241    -2.717     2.651    -0.558    -4.681    -0.786    -1.597     1.250     1.689    -1.898    -2.710    -0.200    -1.843    -1.093    -0.539    -1.475     1.259    -3.868     2.093     -inf      -inf      -inf      -inf      -inf      -inf      -inf      -inf      -inf      -inf      -inf 
          海洋    -2.950    -4.678     0.905     1.713     2.542    -0.041    -1.289    -3.019    -0.456     3.605     2.268     0.335     1.282     2.328     1.555     0.652    -0.506    -0.047    -3.544     3.480     -inf      -inf      -inf      -inf      -inf      -inf      -inf      -inf      -inf      -inf      -inf 
          面前    -1.429    -5.409     5.272    -1.419    -1.728     2.686     1.123     1.179    -0.862    -0.361     3.956     5.506    -3.923    -0.903     0.709    -2.337    -1.154     2.361     3.370    -2.363     -inf      -inf      -inf      -inf      -inf      -inf      -inf      -inf      -inf      -inf      -inf 
           ，    -1.629    -0.806     2.381    -1.246     0.142     0.763     0.984    -0.269    -0.128    -0.123    -0.406     1.667     1.148     1.558     2.049     1.996     4.057    -1.823    -2.397     3.397     -inf      -inf      -inf      -inf      -inf      -inf      -inf      -inf      -inf      -inf      -inf 
          人类    -1.853    -2.334    -2.066     0.147     3.302     0.297    -2.614    -2.562     0.713     2.157    -0.165    -2.740     2.299     2.945     0.748     2.559    -0.066    -2.077    -2.854     3.062     -inf      -inf      -inf      -inf      -inf      -inf      -inf      -inf      -inf      -inf      -inf 
          到底    -1.710    -1.235     0.063     0.605     1.980    -0.918    -1.800    -2.184    -0.568     2.170    -0.162    -0.586     1.196     1.112     1.381     1.207     0.898    -0.637    -3.806     4.371     -inf      -inf      -inf      -inf      -inf      -inf      -inf      -inf      -inf      -inf      -inf 
           有    -1.667     0.375     0.796    -0.116     1.089    -0.218    -0.593    -1.149    -0.701     1.191    -1.094     0.024     2.209     1.487     1.962     1.655     3.146    -1.715    -3.441     4.781     -inf      -inf      -inf      -inf      -inf      -inf      -inf      -inf      -inf      -inf      -inf 
           多     0.473     2.635     0.520     0.063    -0.737    -0.387     0.212     0.845    -1.281    -0.520    -1.007     0.544     0.446    -1.033     0.383    -0.725     1.316     0.162     0.005     0.856     -inf      -inf      -inf      -inf      -inf      -inf      -inf      -inf      -inf      -inf      -inf 
          脆弱     0.522     5.304    -0.751    -0.877    -0.985    -1.691    -0.604     0.135     0.543    -0.212    -4.321    -1.569     2.157     0.040     1.243     1.807     4.301    -2.409    -3.427     5.303     -inf      -inf      -inf      -inf      -inf      -inf      -inf      -inf      -inf      -inf      -inf 
           呢    -0.380    -3.732     2.207    -0.551    -0.879     2.390     1.673     1.142     0.056    -0.860     3.078     2.705    -1.950     0.098    -0.448    -1.336    -1.609     1.241     3.665    -4.200     -inf      -inf      -inf      -inf      -inf      -inf      -inf      -inf      -inf      -inf      -inf 
           ？     1.025     1.407    -3.342    -0.872     1.955    -0.787    -0.816    -0.481     0.879    -1.423    -1.947    -3.291     0.717     0.390    -1.080     2.496     0.018    -1.457    -0.696    -0.692     -inf      -inf      -inf      -inf      -inf      -inf      -inf      -inf      -inf      -inf      -inf 
       [EOS]    -2.282     2.577     0.051     1.782     1.585    -2.071    -1.353    -2.527    -1.338     3.407    -2.454    -1.174     4.678     1.971     2.989     1.745     4.412    -2.258    -6.989     8.999     -inf      -inf      -inf      -inf      -inf      -inf      -inf      -inf      -inf      -inf      -inf 
       [PAD]     -inf      -inf      -inf      -inf      -inf      -inf      -inf      -inf      -inf      -inf      -inf      -inf      -inf      -inf      -inf      -inf      -inf      -inf      -inf      -inf      -inf      -inf      -inf      -inf      -inf      -inf      -inf      -inf      -inf      -inf      -inf 
       [PAD]     -inf      -inf      -inf      -inf      -inf      -inf      -inf      -inf      -inf      -inf      -inf      -inf      -inf      -inf      -inf      -inf      -inf      -inf      -inf      -inf      -inf      -inf      -inf      -inf      -inf      -inf      -inf      -inf      -inf      -inf      -inf 
       [PAD]     -inf      -inf      -inf      -inf      -inf      -inf      -inf      -inf      -inf      -inf      -inf      -inf      -inf      -inf      -inf      -inf      -inf      -inf      -inf      -inf      -inf      -inf      -inf      -inf      -inf      -inf      -inf      -inf      -inf      -inf      -inf 
       [PAD]     -inf      -inf      -inf      -inf      -inf      -inf      -inf      -inf      -inf      -inf      -inf      -inf      -inf      -inf      -inf      -inf      -inf      -inf      -inf      -inf      -inf      -inf      -inf      -inf      -inf      -inf      -inf      -inf      -inf      -inf      -inf 
       [PAD]     -inf      -inf      -inf      -inf      -inf      -inf      -inf      -inf      -inf      -inf      -inf      -inf      -inf      -inf      -inf      -inf      -inf      -inf      -inf      -inf      -inf      -inf      -inf      -inf      -inf      -inf      -inf      -inf      -inf      -inf      -inf 
       [PAD]     -inf      -inf      -inf      -inf      -inf      -inf      -inf      -inf      -inf      -inf      -inf      -inf      -inf      -inf      -inf      -inf      -inf      -inf      -inf      -inf      -inf      -inf      -inf      -inf      -inf      -inf      -inf      -inf      -inf      -inf      -inf 
       [PAD]     -inf      -inf      -inf      -inf      -inf      -inf      -inf      -inf      -inf      -inf      -inf      -inf      -inf      -inf      -inf      -inf      -inf      -inf      -inf      -inf      -inf      -inf      -inf      -inf      -inf      -inf      -inf      -inf      -inf      -inf      -inf 
       [PAD]     -inf      -inf      -inf      -inf      -inf      -inf      -inf      -inf      -inf      -inf      -inf      -inf      -inf      -inf      -inf      -inf      -inf      -inf      -inf      -inf      -inf      -inf      -inf      -inf      -inf      -inf      -inf      -inf      -inf      -inf      -inf 
       [PAD]     -inf      -inf      -inf      -inf      -inf      -inf      -inf      -inf      -inf      -inf      -inf      -inf      -inf      -inf      -inf      -inf      -inf      -inf      -inf      -inf      -inf      -inf      -inf      -inf      -inf      -inf      -inf      -inf      -inf      -inf      -inf 
       [PAD]     -inf      -inf      -inf      -inf      -inf      -inf      -inf      -inf      -inf      -inf      -inf      -inf      -inf      -inf      -inf      -inf      -inf      -inf      -inf      -inf      -inf      -inf      -inf      -inf      -inf      -inf      -inf      -inf      -inf      -inf      -inf 
       [PAD]     -inf      -inf      -inf      -inf      -inf      -inf      -inf      -inf      -inf      -inf      -inf      -inf      -inf      -inf      -inf      -inf      -inf      -inf      -inf      -inf      -inf      -inf      -inf      -inf      -inf      -inf      -inf      -inf      -inf      -inf      -inf 



============================================================================================================================================
(B2) 方案B：attn_B（softmax后 nan->0，所以PAD行全0，PAD列全0）
============================================================================================================================================
                 [BOS]        不过         ，         在        我们        周围      汹涌澎湃         的        细菌        海洋        面前         ，        人类        到底         有         多        脆弱         呢         ？     [EOS]     [PAD]     [PAD]     [PAD]     [PAD]     [PAD]     [PAD]     [PAD]     [PAD]     [PAD]     [PAD]     [PAD]
       [BOS]     0.227     0.121     0.001     0.004     0.000     0.002     0.011     0.066     0.033     0.001     0.002     0.003     0.000     0.000     0.000     0.000     0.000     0.060     0.467     0.000     0.000     0.000     0.000     0.000     0.000     0.000     0.000     0.000     0.000     0.000     0.000
          不过     0.080     0.810     0.000     0.003     0.002     0.000     0.001     0.003     0.072     0.001     0.000     0.000     0.010     0.002     0.000     0.010     0.000     0.000     0.003     0.001     0.000     0.000     0.000     0.000     0.000     0.000     0.000     0.000     0.000     0.000     0.000
           ，     0.000     0.004     0.030     0.001     0.003     0.002     0.005     0.001     0.002     0.004     0.001     0.012     0.014     0.010     0.033     0.021     0.340     0.000     0.000     0.515     0.000     0.000     0.000     0.000     0.000     0.000     0.000     0.000     0.000     0.000     0.000
           在     0.002     0.000     0.029     0.011     0.017     0.080     0.007     0.003     0.028     0.039     0.596     0.035     0.001     0.041     0.006     0.004     0.000     0.028     0.073     0.000     0.000     0.000     0.000     0.000     0.000     0.000     0.000     0.000     0.000     0.000     0.000
          我们     0.000     0.000     0.114     0.000     0.001     0.127     0.004     0.014     0.000     0.000     0.056     0.196     0.000     0.001     0.003     0.000     0.001     0.007     0.476     0.000     0.000     0.000     0.000     0.000     0.000     0.000     0.000     0.000     0.000     0.000     0.000
          周围     0.008     0.070     0.013     0.005     0.034     0.006     0.004     0.008     0.007     0.012     0.002     0.008     0.028     0.013     0.040     0.065     0.145     0.004     0.001     0.529     0.000     0.000     0.000     0.000     0.000     0.000     0.000     0.000     0.000     0.000     0.000
        汹涌澎湃     0.003     0.000     0.002     0.007     0.113     0.016     0.009     0.001     0.070     0.014     0.014     0.001     0.068     0.309     0.011     0.322     0.023     0.001     0.001     0.016     0.000     0.000     0.000     0.000     0.000     0.000     0.000     0.000     0.000     0.000     0.000
           的     0.103     0.618     0.001     0.008     0.009     0.003     0.011     0.024     0.069     0.004     0.001     0.001     0.019     0.007     0.006     0.053     0.029     0.006     0.009     0.019     0.000     0.000     0.000     0.000     0.000     0.000     0.000     0.000     0.000     0.000     0.000
          细菌     0.089     0.364     0.001     0.202     0.008     0.000     0.006     0.003     0.050     0.077     0.002     0.001     0.012     0.002     0.005     0.008     0.003     0.050     0.000     0.116     0.000     0.000     0.000     0.000     0.000     0.000     0.000     0.000     0.000     0.000     0.000
          海洋     0.000     0.000     0.020     0.044     0.102     0.008     0.002     0.000     0.005     0.294     0.077     0.011     0.029     0.082     0.038     0.015     0.005     0.008     0.000     0.259     0.000     0.000     0.000     0.000     0.000     0.000     0.000     0.000     0.000     0.000     0.000
          面前     0.000     0.000     0.349     0.000     0.000     0.026     0.006     0.006     0.001     0.001     0.093     0.441     0.000     0.001     0.004     0.000     0.001     0.019     0.052     0.000     0.000     0.000     0.000     0.000     0.000     0.000     0.000     0.000     0.000     0.000     0.000
           ，     0.001     0.003     0.079     0.002     0.008     0.016     0.020     0.006     0.006     0.006     0.005     0.039     0.023     0.035     0.057     0.054     0.421     0.001     0.001     0.218     0.000     0.000     0.000     0.000     0.000     0.000     0.000     0.000     0.000     0.000     0.000
          人类     0.001     0.001     0.001     0.011     0.251     0.012     0.001     0.001     0.019     0.080     0.008     0.001     0.092     0.175     0.019     0.119     0.009     0.001     0.001     0.197     0.000     0.000     0.000     0.000     0.000     0.000     0.000     0.000     0.000     0.000     0.000
          到底     0.002     0.002     0.009     0.016     0.061     0.003     0.001     0.001     0.005     0.074     0.007     0.005     0.028     0.026     0.034     0.028     0.021     0.004     0.000     0.672     0.000     0.000     0.000     0.000     0.000     0.000     0.000     0.000     0.000     0.000     0.000
           有     0.001     0.008     0.012     0.005     0.016     0.004     0.003     0.002     0.003     0.018     0.002     0.006     0.050     0.024     0.039     0.029     0.127     0.001     0.000     0.651     0.000     0.000     0.000     0.000     0.000     0.000     0.000     0.000     0.000     0.000     0.000
           多     0.042     0.366     0.044     0.028     0.013     0.018     0.032     0.061     0.007     0.016     0.010     0.045     0.041     0.009     0.038     0.013     0.098     0.031     0.026     0.062     0.000     0.000     0.000     0.000     0.000     0.000     0.000     0.000     0.000     0.000     0.000
          脆弱     0.003     0.400     0.001     0.001     0.001     0.000     0.001     0.002     0.003     0.002     0.000     0.000     0.017     0.002     0.007     0.012     0.147     0.000     0.000     0.400     0.000     0.000     0.000     0.000     0.000     0.000     0.000     0.000     0.000     0.000     0.000
           呢     0.006     0.000     0.080     0.005     0.004     0.096     0.047     0.028     0.009     0.004     0.192     0.132     0.001     0.010     0.006     0.002     0.002     0.031     0.345     0.000     0.000     0.000     0.000     0.000     0.000     0.000     0.000     0.000     0.000     0.000     0.000
           ？     0.075     0.110     0.001     0.011     0.191     0.012     0.012     0.017     0.065     0.007     0.004     0.001     0.055     0.040     0.009     0.328     0.028     0.006     0.013     0.014     0.000     0.000     0.000     0.000     0.000     0.000     0.000     0.000     0.000     0.000     0.000
       [EOS]     0.000     0.002     0.000     0.001     0.001     0.000     0.000     0.000     0.000     0.004     0.000     0.000     0.013     0.001     0.002     0.001     0.010     0.000     0.000     0.967     0.000     0.000     0.000     0.000     0.000     0.000     0.000     0.000     0.000     0.000     0.000
       [PAD]     0.000     0.000     0.000     0.000     0.000     0.000     0.000     0.000     0.000     0.000     0.000     0.000     0.000     0.000     0.000     0.000     0.000     0.000     0.000     0.000     0.000     0.000     0.000     0.000     0.000     0.000     0.000     0.000     0.000     0.000     0.000
       [PAD]     0.000     0.000     0.000     0.000     0.000     0.000     0.000     0.000     0.000     0.000     0.000     0.000     0.000     0.000     0.000     0.000     0.000     0.000     0.000     0.000     0.000     0.000     0.000     0.000     0.000     0.000     0.000     0.000     0.000     0.000     0.000
       [PAD]     0.000     0.000     0.000     0.000     0.000     0.000     0.000     0.000     0.000     0.000     0.000     0.000     0.000     0.000     0.000     0.000     0.000     0.000     0.000     0.000     0.000     0.000     0.000     0.000     0.000     0.000     0.000     0.000     0.000     0.000     0.000
       [PAD]     0.000     0.000     0.000     0.000     0.000     0.000     0.000     0.000     0.000     0.000     0.000     0.000     0.000     0.000     0.000     0.000     0.000     0.000     0.000     0.000     0.000     0.000     0.000     0.000     0.000     0.000     0.000     0.000     0.000     0.000     0.000
       [PAD]     0.000     0.000     0.000     0.000     0.000     0.000     0.000     0.000     0.000     0.000     0.000     0.000     0.000     0.000     0.000     0.000     0.000     0.000     0.000     0.000     0.000     0.000     0.000     0.000     0.000     0.000     0.000     0.000     0.000     0.000     0.000
       [PAD]     0.000     0.000     0.000     0.000     0.000     0.000     0.000     0.000     0.000     0.000     0.000     0.000     0.000     0.000     0.000     0.000     0.000     0.000     0.000     0.000     0.000     0.000     0.000     0.000     0.000     0.000     0.000     0.000     0.000     0.000     0.000
       [PAD]     0.000     0.000     0.000     0.000     0.000     0.000     0.000     0.000     0.000     0.000     0.000     0.000     0.000     0.000     0.000     0.000     0.000     0.000     0.000     0.000     0.000     0.000     0.000     0.000     0.000     0.000     0.000     0.000     0.000     0.000     0.000
       [PAD]     0.000     0.000     0.000     0.000     0.000     0.000     0.000     0.000     0.000     0.000     0.000     0.000     0.000     0.000     0.000     0.000     0.000     0.000     0.000     0.000     0.000     0.000     0.000     0.000     0.000     0.000     0.000     0.000     0.000     0.000     0.000
       [PAD]     0.000     0.000     0.000     0.000     0.000     0.000     0.000     0.000     0.000     0.000     0.000     0.000     0.000     0.000     0.000     0.000     0.000     0.000     0.000     0.000     0.000     0.000     0.000     0.000     0.000     0.000     0.000     0.000     0.000     0.000     0.000
       [PAD]     0.000     0.000     0.000     0.000     0.000     0.000     0.000     0.000     0.000     0.000     0.000     0.000     0.000     0.000     0.000     0.000     0.000     0.000     0.000     0.000     0.000     0.000     0.000     0.000     0.000     0.000     0.000     0.000     0.000     0.000     0.000
       [PAD]     0.000     0.000     0.000     0.000     0.000     0.000     0.000     0.000     0.000     0.000     0.000     0.000     0.000     0.000     0.000     0.000     0.000     0.000     0.000     0.000     0.000     0.000     0.000     0.000     0.000     0.000     0.000     0.000     0.000     0.000     0.000



============================================================================================================================================
(B3) 方案B：ctx_B = attn_B @ V（PAD行输出会变成全0向量）
============================================================================================================================================
                   d00       d01       d02       d03       d04       d05       d06       d07
       [BOS]     0.999    -1.037    -1.211     0.037     0.404     0.546     0.224     0.193
          不过    -0.139    -0.333    -1.427    -1.909    -0.163     2.982     0.487    -1.636
           ，    -0.494     0.135     1.197    -0.886     0.200    -0.046     0.492     0.875
           在     1.473     1.078     1.314     0.531    -0.796    -1.425     0.438     1.150
          我们     2.212    -0.687    -0.947     0.829     0.846    -1.241     0.006     1.440
          周围    -0.781    -0.143     0.718    -0.611     0.356     0.262     0.280     0.547
        汹涌澎湃    -0.927    -0.537     0.532     0.644    -0.718     0.654     0.496     0.340
           的    -0.185    -0.256    -0.937    -1.573    -0.250     2.389     0.494    -1.226
          细菌    -0.026     0.419    -0.604    -0.949    -0.274     1.557    -0.255    -1.117
          海洋    -0.230     0.175     0.313     0.511     0.093    -0.084    -0.438     0.395
          面前     2.470     1.505     0.881    -0.352     0.368    -2.665    -0.254     1.372
           ，     0.207     0.489     1.157    -0.865    -0.249    -0.214     0.704     0.824
          人类    -0.719    -0.206     0.190     0.656    -0.202     0.367     0.407     0.269
          到底    -1.043    -0.269     0.689    -0.158     0.657     0.013    -0.148     0.682
           有    -0.886    -0.205     0.832    -0.457     0.524     0.098     0.080     0.764
           多     0.540     0.236    -0.586    -1.036    -0.081     1.087     0.282    -0.504
          脆弱    -0.492    -0.180    -0.175    -1.327     0.279     1.418     0.398    -0.296
           呢     1.966    -0.069    -0.434     0.644     0.338    -1.172    -0.025     1.098
           ？    -0.934    -0.256     0.276    -0.084    -0.548     0.821     0.844    -0.236
       [EOS]    -1.487    -0.515     0.962    -0.492     1.070    -0.006    -0.226     0.930
       [PAD]     0.000     0.000     0.000     0.000     0.000     0.000     0.000     0.000
       [PAD]     0.000     0.000     0.000     0.000     0.000     0.000     0.000     0.000
       [PAD]     0.000     0.000     0.000     0.000     0.000     0.000     0.000     0.000
       [PAD]     0.000     0.000     0.000     0.000     0.000     0.000     0.000     0.000
       [PAD]     0.000     0.000     0.000     0.000     0.000     0.000     0.000     0.000
       [PAD]     0.000     0.000     0.000     0.000     0.000     0.000     0.000     0.000
       [PAD]     0.000     0.000     0.000     0.000     0.000     0.000     0.000     0.000
       [PAD]     0.000     0.000     0.000     0.000     0.000     0.000     0.000     0.000
       [PAD]     0.000     0.000     0.000     0.000     0.000     0.000     0.000     0.000
       [PAD]     0.000     0.000     0.000     0.000     0.000     0.000     0.000     0.000
       [PAD]     0.000     0.000     0.000     0.000     0.000     0.000     0.000     0.000